line
10 10 0 10 490 0
line
10 10 0 490 10 0
line
490 490 0 490 10 0
line
490 490 0 10 490 0
display
line
200 0 0 200 500 0
line
0 300 0 500 300 0
display
line
0 100 0 500 100 0
line
100 0 0 100 500 0
display
hermite
200 300 100 100 500 500 0 0
hermite
200 300 0 0 -500 -500 0 0
hermite
200 300 0 100 -500 500 0 0
hermite
200 300 100 0 500 -500 0 0
display

circle
200 300 0 40
circle
220 300 0 20
circle
200 320 0 20
circle
180 300 0 20
circle
200 280 0 20
display

bezier
200 300 200 500 500 300 500 500
bezier
200 300 200 450 450 300 500 500
bezier
200 300 200 400 400 300 500 500
bezier
200 300 200 350 350 300 500 500
bezier
200 300 200 300 300 300 500 500
bezier
200 300 200 250 250 300 500 500
bezier
200 300 200 200 200 300 500 500
bezier
200 300 200 150 150 300 500 500
display

circle
0 0 0 100
display

save
jef.png
